109 18 0 1 2 3 4 6 7 8 9 10 11 12 13 14 15 16 17 19 
61 16 0 1 2 3 4 6 7 8 9 10 12 13 14 16 17 19 
84 10 0 2 4 6 8 9 12 13 14 16 
70 7 0 2 8 9 12 13 14 
133 18 0 1 2 3 4 6 7 8 9 10 11 12 13 14 15 16 17 19 
33 15 0 2 3 4 6 7 8 9 10 11 12 15 16 17 19 
73 20 0 1 2 3 4 5 6 7 8 9 10 11 12 13 14 15 16 17 18 19 
10 5 0 2 8 9 12 
156 3 8 13 14 
45 8 0 2 4 6 8 9 12 16 
55 18 0 1 2 3 4 6 7 8 9 10 11 12 13 14 15 16 17 19 
135 5 8 9 12 13 14 
117 13 0 1 2 4 6 8 9 10 12 13 14 16 17 
60 17 0 1 2 3 4 6 7 8 9 10 12 13 14 15 16 17 19 
15 18 0 1 2 3 4 6 7 8 9 10 11 12 13 14 15 16 17 19 
99 12 0 2 4 6 8 9 10 12 13 14 16 17 
44 12 0 2 4 6 8 9 10 12 13 14 16 17 
80 3 8 13 14 
5 3 8 13 14 
119 18 0 1 2 3 4 6 7 8 9 10 11 12 13 14 15 16 17 19 
26 12 0 2 4 6 8 9 10 12 13 14 16 17 
17 3 8 13 14 
51 19 0 1 2 3 4 5 6 7 8 9 10 11 12 13 14 15 16 17 19 
87 11 0 2 4 6 8 9 10 12 13 14 16 
20 9 0 2 4 8 9 12 13 14 16 
36 16 0 1 2 3 4 6 7 8 9 10 12 13 14 16 17 19 
112 12 0 2 4 6 8 9 10 12 13 14 16 17 
115 10 0 2 4 6 8 9 12 13 14 16 
3 18 0 1 2 3 4 6 7 8 9 10 11 12 13 14 15 16 17 19 
136 18 0 1 2 3 4 6 7 8 9 10 11 12 13 14 15 16 17 19 
62 13 0 1 2 4 6 8 9 10 12 13 14 16 17 
24 10 0 2 4 6 8 9 12 13 14 16 
126 5 8 9 12 13 14 
143 14 0 1 2 4 6 7 8 9 10 12 13 14 16 17 
108 7 0 2 8 9 12 13 14 
107 18 0 1 2 3 4 6 7 8 9 10 11 12 13 14 15 16 17 19 
31 18 0 1 2 3 4 6 7 8 9 10 11 12 13 14 15 16 17 19 
8 7 0 2 8 9 12 13 14 
34 16 0 1 2 3 4 6 7 8 9 10 12 13 14 16 17 19 
7 4 8 12 13 14 
139 3 8 13 14 
127 18 0 1 2 3 4 6 7 8 9 10 11 12 13 14 15 16 17 19 
37 16 0 1 2 3 4 6 7 8 9 10 12 13 14 16 17 19 
144 10 0 2 4 6 8 9 12 13 14 16 
124 13 0 1 2 4 6 8 9 10 12 13 14 16 17 
4 12 0 2 4 6 8 9 10 12 13 14 16 17 
134 7 0 2 8 9 12 13 14 
113 4 8 12 13 14 
110 13 0 1 2 4 6 8 9 10 12 13 14 16 17 
41 11 0 2 4 6 8 9 10 12 13 14 16 
83 7 0 2 8 9 12 13 14 
46 18 0 1 2 3 4 6 7 8 9 10 11 12 13 14 15 16 17 19 
90 13 0 1 2 4 6 8 9 10 12 13 14 16 17 
58 7 0 2 8 9 12 13 14 
42 3 8 13 14 
23 3 8 13 14 
65 13 0 1 2 4 6 8 9 10 12 13 14 16 17 
74 17 0 1 2 3 4 6 7 8 9 10 12 13 14 15 16 17 19 
28 10 0 2 4 6 8 9 12 13 14 16 
86 6 2 8 9 12 13 14 
14 19 0 1 2 3 4 6 7 8 9 10 11 12 13 14 15 16 17 18 19 
38 18 0 1 2 3 4 6 7 8 9 10 11 12 13 14 15 16 17 19 
97 12 0 2 4 6 8 9 10 12 13 14 16 17 
77 19 0 1 2 3 4 5 6 7 8 9 10 11 12 13 14 15 16 17 19 
47 10 0 2 4 6 8 9 12 13 14 16 
132 5 0 2 8 9 12 
35 18 0 1 2 3 4 6 7 8 9 10 11 12 13 14 15 16 17 19 
95 9 0 2 4 8 9 12 13 14 16 
154 5 0 2 8 9 12 
21 18 0 1 2 3 4 6 7 8 9 10 11 12 13 14 15 16 17 19 
1 10 0 2 4 6 8 9 10 12 16 17 
64 10 0 2 4 6 8 9 10 12 16 17 
79 7 0 2 8 9 12 13 14 
40 4 8 12 13 14 
100 8 0 2 4 8 9 12 13 14 
159 5 0 2 8 9 12 
92 18 0 1 2 3 4 6 7 8 9 10 11 12 13 14 15 16 17 19 
91 3 8 13 14 
13 9 0 2 4 8 9 12 13 14 16 
94 18 0 1 2 3 4 6 7 8 9 10 11 12 13 14 15 16 17 19 
153 5 0 2 8 9 12 
111 15 0 2 3 4 6 7 8 9 10 11 12 15 16 17 19 
67 11 0 2 4 6 7 8 9 10 12 16 17 
66 8 0 2 4 6 8 9 12 16 
68 1 8 
103 18 0 1 2 3 4 6 7 8 9 10 11 12 13 14 15 16 17 19 
81 6 0 2 4 8 9 12 
121 1 8 
16 19 0 1 2 3 4 5 6 7 8 9 10 11 12 13 14 15 16 17 19 
18 5 0 2 8 9 12 
72 3 8 13 14 
120 5 0 2 8 9 12 
63 5 0 2 8 9 12 
105 1 8 
125 3 8 13 14 
6 1 8 
0 15 0 2 3 4 6 7 8 9 10 11 12 15 16 17 19 
48 5 0 2 8 9 12 
114 9 0 2 4 6 8 9 10 12 16 
152 1 8 
98 5 0 2 8 9 12 
30 5 0 2 8 9 12 
12 1 8 
118 11 0 2 4 6 7 8 9 10 12 16 17 
69 10 0 2 4 6 8 9 10 12 16 17 
102 1 8 
128 15 0 2 3 4 6 7 8 9 10 11 12 15 16 17 19 
137 14 0 2 3 4 6 7 8 9 10 12 15 16 17 19 
141 1 8 
130 16 0 2 3 4 5 6 7 8 9 10 11 12 15 16 17 19 
29 10 0 2 4 6 8 9 10 12 16 17 
32 8 0 2 4 6 8 9 12 16 
39 5 0 2 8 9 12 
142 4 2 8 9 12 
78 9 0 2 4 6 8 9 10 12 16 
157 11 0 2 4 6 7 8 9 10 12 16 17 
25 8 0 2 4 6 8 9 12 16 
53 5 0 2 8 9 12 
106 5 0 2 8 9 12 
104 10 0 2 4 6 8 9 10 12 16 17 
150 8 0 2 4 6 8 9 12 16 
75 15 0 2 3 4 6 7 8 9 10 11 12 15 16 17 19 
146 5 0 2 8 9 12 
116 5 0 2 8 9 12 
76 16 0 2 3 4 5 6 7 8 9 10 11 12 15 16 17 19 
145 15 0 2 3 4 6 7 8 9 10 11 12 15 16 17 19 
43 5 0 2 8 9 12 
140 1 8 
122 2 8 12 
129 6 0 2 4 8 9 12 
89 1 8 
138 16 0 2 3 4 5 6 7 8 9 10 11 12 15 16 17 19 
19 10 0 2 4 6 8 9 10 12 16 17 
151 1 8 
147 10 0 2 4 6 8 9 10 12 16 17 
158 13 0 2 3 4 6 7 8 9 10 12 16 17 19 
71 5 0 2 8 9 12 
88 13 0 2 3 4 6 7 8 9 10 12 16 17 19 
22 5 0 2 8 9 12 
9 16 0 2 3 4 5 6 7 8 9 10 11 12 15 16 17 19 
49 7 0 2 4 8 9 12 16 
149 2 8 12 
27 11 0 2 4 6 7 8 9 10 12 16 17 
131 6 0 2 4 8 9 12 
50 1 8 
2 15 0 2 3 4 6 7 8 9 10 11 12 15 16 17 19 
54 15 0 2 3 4 6 7 8 9 10 11 12 15 16 17 19 
155 2 8 12 
123 12 0 2 4 6 8 9 10 12 13 14 16 17 
57 3 8 9 12 
101 1 8 
82 15 0 2 3 4 6 7 8 9 10 11 12 15 16 17 19 
11 8 0 2 4 6 8 9 12 16 
59 6 0 2 4 8 9 12 
96 3 8 9 12 
93 3 8 13 14 
56 10 0 2 4 6 8 9 10 12 16 17 
148 7 0 2 8 9 12 13 14 
52 6 2 8 9 12 13 14 
85 15 0 2 3 4 6 7 8 9 10 11 12 15 16 17 19 
