109 14 20 20 160
61 6 20 20 230
84 12 50 50 400
70 0 50 50 640
133 13 60 60 580
33 10 80 80 950
73 18 90 90 590
10 2 100 100 860
156 14 100 160 640
45 4 110 110 290
55 17 120 120 1160
135 9 120 120 1030
117 1 130 411 1441
60 15 140 140 850
15 11 150 150 480
99 16 150 150 290
44 10 160 950 1680
80 13 160 580 1760
17 14 170 750 1560
119 3 170 170 1190
26 6 170 230 740
5 14 160 1560 1910
51 5 180 180 1060
87 4 180 290 870
115 12 200 400 800
36 7 200 200 1230
112 12 200 800 1000
20 16 180 290 900
3 19 230 230 1010
136 11 240 480 810
62 0 250 640 1610
24 6 250 740 1170
126 14 260 1981 2881
143 2 290 860 1900
108 12 290 1000 1580
107 11 320 810 1660
31 15 330 850 1850
8 9 350 1030 1410
34 4 360 870 960
7 12 370 1580 2220
139 8 370 370 920
127 10 380 1680 2000
37 16 380 900 1010
144 4 380 960 1380
124 16 390 1010 2060
4 17 400 1160 1610
134 9 420 1410 2490
113 13 420 1760 2270
110 1 440 1820 3000
41 6 460 1170 1270
83 0 460 1610 2050
46 19 500 1010 2130
90 10 500 2000 2490
58 14 500 2881 3471
42 13 500 2270 3430
23 8 510 920 1120
65 6 540 1270 1930
74 3 560 1190 1610
38 7 590 1230 2000
86 2 570 1900 2300
14 18 590 590 1600
28 4 560 1380 1950
132 0 610 2050 3030
77 5 600 1060 1710
47 6 610 1930 2310
154 12 620 2220 3090
35 3 620 1610 2480
95 4 620 1950 2160
97 17 590 1610 2070
21 11 630 1660 2250
1 10 630 2490 2670
64 10 640 2670 3470
159 9 670 2490 3380
40 14 650 3471 4511
100 4 660 2160 2820
79 2 640 2300 2530
92 15 680 1850 2750
91 8 680 1120 1260
13 16 700 2060 2460
94 7 730 2000 2870
153 2 730 2530 2670
111 17 740 2070 3030
67 6 760 2310 3440
66 16 760 2460 3490
68 8 760 1260 2050
103 19 770 2130 2970
81 2 780 2670 3710
121 8 790 2050 3200
16 5 800 1710 2500
18 0 800 3030 3550
72 13 800 3430 4240
120 12 820 3090 3650
63 9 820 3380 3880
105 8 830 3200 3670
125 14 830 4731 5641
6 8 850 3670 4740
0 11 870 2250 2790
48 0 870 3550 4120
114 10 880 3470 4420
152 8 880 4740 5700
98 12 890 3650 4360
30 2 920 3710 4440
12 8 920 5700 6260
118 4 960 2820 3670
69 17 970 3030 3890
102 8 970 6260 6980
128 3 980 2480 3500
137 15 1000 2750 3600
141 8 1010 6980 7980
130 5 1030 2500 3410
29 6 1030 3440 4390
32 16 1030 3490 3550
39 9 1040 3880 3940
142 9 1040 3940 4100
78 16 1060 3550 4120
157 7 1070 2870 3170
25 4 1070 3670 4620
53 9 1070 4100 4250
106 0 1070 4120 4530
104 10 1080 4420 4970
150 16 1080 4120 4730
75 11 1090 2790 3770
146 9 1110 4250 4830
116 12 1120 4360 5210
76 19 1140 2970 3750
145 7 1140 3170 4000
43 2 1140 4440 4690
140 8 1140 7980 9090
122 12 1180 5210 5810
129 0 1200 4530 4830
89 8 1200 9090 9220
138 5 1210 3410 3950
19 17 1230 3890 4120
151 8 1230 9220 9490
147 17 1250 4120 4410
158 3 1260 3500 4650
71 2 1260 4690 4750
88 19 1270 3750 4350
22 2 1270 4750 5680
9 15 1280 3600 4460
49 4 1280 4620 5780
149 12 1280 5810 6410
27 7 1300 4000 4570
131 0 1300 4830 5630
50 8 1310 9490 10630
2 11 1320 3770 3860
54 11 1330 3860 4240
155 12 1330 6410 6600
123 10 1340 4970 5990
57 9 1340 4830 6020
101 8 1340 10630 11710
82 11 1360 4240 5180
11 6 1360 4390 4930
59 0 1370 5630 6800
96 9 1370 6020 6350
93 13 1400 4240 5100
56 17 1410 4410 4860
148 14 1420 5641 6451
52 13 1420 5100 6050
85 19 1430 4350 4650
final time: 410736
