-------------------------
424146
109 14
45 4
84 12
70 0
133 13
33 8
73 18
10 12
156 14
61 6
55 11
135 9
117 1
60 15
15 11
99 16
44 10
80 13
112 16
119 3
26 6
17 14
62 0
87 4
20 16
36 7
5 14
115 12
3 19
8 9
51 5
24 6
126 14
143 2
108 12
107 11
31 15
136 11
134 9
7 12
139 8
127 10
37 16
46 19
90 10
4 17
34 4
113 13
110 1
41 6
83 0
144 4
124 16
58 14
42 13
23 8
65 6
74 3
28 4
86 12
14 18
38 7
97 17
77 5
47 6
132 0
35 3
95 4
92 15
21 11
13 16
94 7
153 2
40 14
100 4
159 9
154 12
91 8
1 10
64 10
16 5
111 17
67 6
120 12
68 8
103 19
81 0
121 8
79 2
18 0
114 10
152 8
63 9
30 2
125 14
6 8
0 11
48 0
72 13
66 16
98 12
105 8
12 8
118 4
39 9
102 8
128 3
137 10
141 8
130 5
29 6
32 16
69 17
142 9
78 16
116 12
25 2
53 9
106 0
104 10
150 16
75 16
146 9
157 7
19 17
145 7
43 2
140 8
122 12
129 0
89 8
138 5
49 4
151 8
147 17
158 3
71 2
88 19
22 2
9 15
76 19
149 12
27 7
131 0
50 8
2 11
54 11
155 12
56 17
57 9
101 8
82 11
11 6
59 2
96 9
93 13
123 10
148 14
52 13
85 19
-------------------------
422451
109 14
45 4
84 8
70 14
133 13
33 19
73 18
10 2
156 14
61 6
55 17
135 9
117 1
60 15
15 11
99 16
44 10
80 13
5 14
119 3
26 6
17 8
51 13
87 4
20 16
36 7
112 12
115 12
3 19
136 11
62 0
24 6
126 14
143 2
108 0
107 19
31 15
4 17
34 4
7 12
110 1
127 10
37 16
144 4
124 16
8 9
134 9
113 13
139 8
41 6
83 2
46 19
90 10
58 14
42 13
23 8
65 6
74 3
28 4
86 2
14 18
38 7
97 17
77 5
47 6
132 0
35 7
159 9
154 12
91 8
1 10
94 7
79 2
40 14
100 4
95 4
92 15
21 11
13 4
64 10
153 2
111 17
67 6
66 16
68 8
105 8
81 2
121 8
16 5
18 0
72 13
120 12
63 9
103 19
125 14
6 8
0 11
48 0
128 3
137 15
98 12
30 2
12 8
118 4
69 17
102 8
114 10
152 8
141 8
53 9
29 6
32 16
39 9
142 9
78 16
157 7
25 4
130 5
106 0
104 16
150 16
129 0
146 9
116 12
76 15
145 7
43 2
158 3
122 12
75 11
89 8
138 5
49 4
151 8
147 17
140 8
71 12
88 19
22 0
9 15
19 10
149 12
27 7
131 0
50 8
2 11
54 11
155 12
123 10
148 14
101 8
82 11
11 6
59 0
96 9
93 13
56 17
57 9
52 13
85 19
-------------------------
421877
109 14
45 4
84 12
70 0
117 1
33 8
73 18
10 2
156 14
61 6
55 17
135 9
133 13
60 15
15 11
99 16
44 10
80 13
5 14
115 12
26 0
17 14
51 5
87 4
126 14
36 7
112 12
119 3
3 19
136 11
62 0
24 6
20 16
143 1
108 12
144 4
124 16
4 17
34 4
113 13
110 1
127 10
37 16
107 11
31 15
8 9
42 13
7 12
139 8
74 3
83 0
46 19
90 10
58 14
134 9
23 8
65 6
41 6
28 4
86 2
14 18
38 7
97 17
64 10
47 6
132 0
35 3
95 4
154 12
21 1
1 10
77 5
153 2
40 14
100 4
159 9
92 15
91 8
13 16
94 7
79 2
111 17
67 6
66 16
68 8
103 19
81 2
121 8
16 5
18 0
72 13
120 12
63 9
105 8
125 14
6 8
0 11
48 0
114 10
152 8
141 8
30 2
12 8
118 4
69 17
102 8
128 3
137 15
98 12
130 5
29 6
32 16
39 9
142 9
78 16
157 7
25 4
53 9
106 0
104 4
150 16
75 11
89 8
116 12
76 19
145 7
43 2
140 8
122 12
129 0
146 9
138 5
19 17
151 8
147 17
158 3
71 2
2 11
22 2
9 15
49 4
149 12
27 4
131 0
11 6
59 0
54 11
155 12
123 10
57 9
101 8
82 11
50 8
88 19
96 9
93 13
56 17
148 9
52 13
85 19
-------------------------
419290
109 14
61 6
55 17
70 0
133 13
33 7
15 11
10 2
156 14
45 4
84 12
135 9
117 1
60 15
51 5
99 16
44 10
80 13
5 14
119 3
26 6
17 13
62 0
87 4
20 16
36 7
112 12
115 12
3 19
136 11
73 18
24 6
126 14
143 2
108 12
107 11
31 15
8 9
34 4
7 12
139 8
127 10
37 16
144 4
124 6
4 17
134 9
113 13
110 1
41 6
28 4
46 19
90 10
58 14
42 13
23 8
65 6
74 3
83 0
86 2
14 18
38 19
97 17
77 5
47 6
132 0
35 3
95 4
154 12
21 11
1 10
64 10
79 2
40 14
67 6
159 9
92 15
103 7
13 16
94 7
153 2
111 17
100 4
66 16
68 8
91 8
81 2
121 8
16 5
18 0
72 13
120 9
63 9
105 8
125 14
6 8
0 11
48 0
114 10
152 8
98 12
30 2
12 8
118 4
69 17
102 8
78 16
157 7
141 8
130 5
29 6
32 16
39 9
142 9
128 3
116 12
25 4
53 9
106 0
104 10
150 16
75 11
146 9
137 15
76 19
151 8
43 2
140 8
71 0
129 0
22 2
9 15
19 17
145 7
147 17
131 0
122 12
88 19
89 8
138 5
49 4
149 12
27 10
158 3
50 8
2 11
54 11
155 12
123 10
57 9
101 8
82 11
11 6
59 0
96 9
93 13
56 17
148 14
52 13
85 19
-------------------------
418676
109 14
61 6
84 12
70 0
133 13
33 8
73 18
10 2
156 14
45 4
55 17
135 9
117 1
60 15
17 14
99 16
44 10
80 13
5 14
119 3
26 6
15 11
51 5
87 4
24 6
36 7
112 12
115 12
3 19
136 16
62 0
20 16
126 14
143 2
108 12
107 11
31 15
8 9
34 4
7 12
139 8
127 10
41 6
144 0
124 16
4 17
134 9
113 13
110 1
37 16
83 0
46 19
90 10
14 18
38 7
23 8
65 6
74 3
132 0
86 2
58 14
42 13
97 17
77 5
47 6
28 4
35 7
95 4
159 9
21 11
1 10
64 10
79 2
153 2
100 4
154 12
92 15
91 8
13 16
94 7
40 14
111 17
67 6
66 16
68 8
103 19
81 2
121 8
16 5
18 0
72 13
120 12
63 9
105 8
125 14
6 8
0 11
48 0
114 10
152 8
98 12
30 2
130 5
118 4
69 17
102 8
128 3
137 3
141 8
25 4
29 6
32 16
39 9
142 9
75 11
157 10
12 8
53 9
106 0
104 10
150 16
78 16
146 2
116 12
76 19
145 7
151 8
140 8
122 12
129 0
89 8
138 5
19 17
43 2
147 17
158 3
71 2
88 19
22 2
9 15
49 4
149 12
27 7
131 0
50 8
2 11
54 11
155 12
123 10
57 9
101 8
82 11
11 6
59 0
96 9
93 13
56 17
148 14
52 13
85 19
-------------------------
416861
10 2
61 6
84 12
70 0
133 13
33 16
73 18
109 14
156 14
45 4
55 17
135 9
117 1
60 15
15 11
99 16
87 4
80 13
5 14
119 3
26 14
17 13
51 5
44 0
20 16
36 7
112 12
115 12
3 19
136 11
62 10
24 6
126 14
143 2
108 12
107 11
31 15
8 9
34 3
7 12
139 8
127 10
37 16
144 4
124 16
90 10
134 9
113 13
110 1
41 6
83 0
46 19
86 2
58 14
38 7
23 8
65 6
74 3
28 4
4 17
14 18
42 13
97 17
77 5
47 6
132 0
35 3
95 4
154 12
21 11
1 10
64 10
79 2
40 14
100 4
159 9
92 15
91 8
13 12
94 7
153 2
111 17
67 6
66 16
68 8
103 19
81 2
121 8
16 5
18 0
72 13
120 12
63 9
105 8
125 14
12 8
0 11
69 17
114 10
152 8
98 12
30 2
130 5
118 4
48 0
102 8
128 3
137 15
141 8
6 8
29 6
32 16
104 10
142 9
78 16
146 9
25 4
53 9
106 0
39 9
150 16
75 11
157 7
89 8
138 5
145 7
151 8
147 17
122 12
129 0
116 0
76 19
19 9
49 4
140 8
158 3
71 2
88 19
22 2
9 15
43 2
149 12
27 7
131 0
82 11
2 11
54 11
155 12
123 10
56 17
101 8
50 8
11 6
59 12
96 9
93 13
57 9
148 14
52 13
85 19
-------------------------
414830
109 14
61 6
84 12
70 0
133 13
33 8
73 18
10 2
156 14
45 4
55 17
135 9
117 1
60 15
15 11
99 16
44 10
80 13
20 16
36 7
26 6
17 14
51 5
87 4
5 14
119 3
112 12
143 2
108 12
136 11
62 10
24 6
126 14
115 0
3 19
107 11
31 2
8 9
34 4
7 12
139 8
127 10
37 16
144 4
124 1
4 17
134 13
113 13
110 1
41 6
83 9
46 15
90 10
58 14
42 13
23 8
65 6
74 3
28 4
86 2
14 18
38 7
97 17
77 5
47 6
132 0
35 3
95 4
154 12
21 11
92 15
64 10
79 2
94 7
100 4
159 9
1 10
91 8
13 16
40 14
153 2
121 8
67 6
66 16
68 8
120 12
81 2
111 17
16 5
18 0
72 13
103 19
63 9
105 8
125 14
6 8
0 11
48 0
114 10
152 8
98 12
137 15
12 8
118 4
69 17
102 8
128 3
30 2
141 8
130 5
29 6
32 16
39 9
142 9
78 16
157 7
25 4
53 9
106 0
104 10
150 16
75 11
146 9
116 12
76 19
138 5
43 2
140 8
122 12
129 0
89 8
145 7
19 17
151 8
147 17
158 3
71 2
88 19
22 2
9 15
54 11
149 12
27 7
131 0
50 8
2 11
49 4
155 12
123 10
57 9
101 8
82 11
11 6
59 0
96 9
93 13
56 17
148 14
52 13
85 19
-------------------------
414356
109 14
61 6
84 12
70 0
133 13
33 11
73 18
10 2
156 14
45 4
55 17
135 9
117 1
60 15
15 11
99 16
17 14
80 13
5 14
119 3
26 6
44 10
51 5
87 4
20 16
36 7
112 12
115 12
3 19
136 11
62 0
24 6
126 14
143 2
108 12
107 11
31 15
8 9
34 4
7 12
139 8
127 10
37 16
144 4
124 16
4 17
134 9
113 13
110 1
41 6
23 8
46 19
90 10
58 14
42 13
83 0
65 6
74 3
28 4
86 2
14 18
38 17
97 17
77 5
47 6
132 0
35 3
95 4
154 12
21 11
1 10
64 10
79 2
40 14
100 4
159 9
92 15
91 8
13 16
94 7
153 2
111 17
67 6
66 16
68 8
103 19
120 9
121 8
16 5
18 0
72 13
81 2
63 9
105 8
125 14
6 8
0 11
48 0
114 10
152 8
98 12
30 2
12 8
118 4
69 17
102 8
128 3
137 15
141 8
130 5
29 6
32 16
39 9
142 9
78 16
157 7
25 4
53 0
106 0
104 10
150 16
75 11
146 9
116 12
76 19
145 7
43 2
140 8
122 12
129 0
89 8
138 5
19 17
151 8
147 17
158 3
71 2
88 19
22 2
9 15
49 4
149 12
27 7
131 0
50 8
2 11
54 11
155 12
123 10
57 9
101 8
82 11
11 6
59 0
96 9
93 13
56 17
148 14
52 13
85 19
-------------------------
410736
109 14
61 6
84 12
70 0
133 13
33 10
73 18
10 2
156 14
45 4
55 17
135 9
117 1
60 15
15 11
99 16
44 10
80 13
17 14
119 3
26 6
5 14
51 5
87 4
115 12
36 7
112 12
20 16
3 19
136 11
62 0
24 6
126 14
143 2
108 12
107 11
31 15
8 9
34 4
7 12
139 8
127 10
37 16
144 4
124 16
4 17
134 9
113 13
110 1
41 6
83 0
46 19
90 10
58 14
42 13
23 8
65 6
74 3
38 7
86 2
14 18
28 4
132 0
77 5
47 6
154 12
35 3
95 4
97 17
21 11
1 10
64 10
159 9
40 14
100 4
79 2
92 15
91 8
13 16
94 7
153 2
111 17
67 6
66 16
68 8
103 19
81 2
121 8
16 5
18 0
72 13
120 12
63 9
105 8
125 14
6 8
0 11
48 0
114 10
152 8
98 12
30 2
12 8
118 4
69 17
102 8
128 3
137 15
141 8
130 5
29 6
32 16
39 9
142 9
78 16
157 7
25 4
53 9
106 0
104 10
150 16
75 11
146 9
116 12
76 19
145 7
43 2
140 8
122 12
129 0
89 8
138 5
19 17
151 8
147 17
158 3
71 2
88 19
22 2
9 15
49 4
149 12
27 7
131 0
50 8
2 11
54 11
155 12
123 10
57 9
101 8
82 11
11 6
59 0
96 9
93 13
56 17
148 14
52 13
85 19
-------------------------
