------------
time: 453453
109 2
61 12
84 14
70 8
133 10
33 9
73 11
10 0
156 13
45 4
55 16
135 12
117 17
60 19
15 6
99 2
44 4
80 14
5 13
119 1
26 2
17 8
51 15
87 6
20 2
36 7
112 10
115 0
3 3
136 11
62 10
24 13
126 9
143 4
108 12
107 19
31 11
8 0
34 3
7 13
139 8
127 15
37 6
144 16
124 17
4 6
134 2
113 14
110 1
41 16
83 0
46 3
90 6
58 12
42 8
23 13
65 16
74 7
28 9
86 14
14 18
38 15
97 10
77 5
47 4
132 0
35 7
95 13
154 12
21 19
1 6
64 17
79 13
40 14
100 9
159 2
92 11
91 13
13 16
94 15
153 0
111 10
67 6
66 4
68 8
103 3
81 9
121 8
16 5
18 12
72 13
120 0
63 2
105 8
125 14
6 8
0 19
48 12
114 16
152 8
98 0
30 2
12 8
118 7
69 17
102 8
128 11
137 19
141 8
130 5
29 10
32 6
39 9
142 9
78 4
157 7
25 6
53 12
106 9
104 16
150 4
75 15
146 12
116 0
76 5
145 3
43 2
140 8
122 12
129 4
89 8
138 7
19 17
151 8
147 17
158 19
71 9
88 3
22 9
9 5
49 16
149 12
27 10
131 2
50 8
2 11
54 11
155 12
123 13
57 9
101 8
82 15
11 6
59 4
96 12
93 14
56 17
148 13
52 14
85 7
finish at 0
------------
time: 440160
109 6
61 2
84 14
70 0
133 7
33 11
73 18
10 8
156 13
45 4
55 19
135 12
117 9
60 15
15 3
99 17
44 16
80 14
5 13
119 1
26 10
17 8
51 5
87 6
20 2
36 4
112 17
115 0
3 3
136 17
62 10
24 6
126 13
143 7
108 2
107 17
31 15
8 12
34 16
7 12
139 14
127 11
37 16
144 0
124 16
4 9
134 2
113 8
110 1
41 6
83 0
46 19
90 6
58 9
42 13
23 14
65 4
74 3
28 6
86 12
14 18
38 11
97 10
77 5
47 0
132 8
35 7
95 4
154 9
21 17
1 10
64 16
79 0
40 14
100 4
159 12
92 3
91 13
13 2
94 15
153 0
111 11
67 17
66 6
68 8
103 19
81 0
121 8
16 5
18 2
72 13
120 9
63 12
105 8
125 14
6 8
0 10
48 2
114 10
152 8
98 9
30 0
12 8
118 7
69 4
102 8
128 3
137 15
141 8
130 5
29 16
32 6
39 12
142 12
78 6
157 7
25 4
53 2
106 12
104 17
150 16
75 11
146 2
116 9
76 19
145 15
43 0
140 8
122 12
129 4
89 8
138 5
19 10
151 8
147 17
158 3
71 0
88 7
22 2
9 19
49 16
149 12
27 10
131 0
50 8
2 11
54 6
155 12
123 13
57 9
101 8
82 11
11 6
59 4
96 12
93 14
56 17
148 13
52 14
85 7
finish at 1
------------
time: 439329
109 9
61 7
84 6
70 12
133 3
33 15
73 18
10 8
156 14
45 2
55 4
135 13
117 16
60 17
15 19
99 10
44 0
80 14
5 8
119 11
26 9
17 13
51 5
87 2
20 12
36 1
112 10
115 6
3 7
136 19
62 10
24 9
126 9
143 6
108 2
107 3
31 19
8 0
34 17
7 8
139 14
127 17
37 7
144 16
124 4
4 12
134 0
113 12
110 1
41 2
83 2
46 15
90 17
58 13
42 8
23 14
65 10
74 7
28 16
86 2
14 18
38 11
97 17
77 5
47 6
132 9
35 3
95 16
154 12
21 7
1 10
64 4
79 0
40 13
100 2
159 0
92 19
91 14
13 16
94 11
153 9
111 15
67 7
66 6
68 8
103 17
81 4
121 8
16 5
18 2
72 14
120 12
63 9
105 8
125 14
6 8
0 3
48 0
114 10
152 8
98 2
30 9
12 8
118 16
69 17
102 8
128 19
137 3
141 8
130 5
29 6
32 16
39 12
142 12
78 10
157 7
25 16
53 12
106 12
104 10
150 0
75 11
146 2
116 9
76 15
145 7
43 12
140 8
122 12
129 4
89 8
138 5
19 17
151 8
147 17
158 3
71 0
88 19
22 0
9 11
49 4
149 12
27 6
131 2
50 8
2 15
54 15
155 12
123 13
57 9
101 8
82 15
11 16
59 4
96 12
93 14
56 10
148 13
52 14
85 19
finish at 46
------------
time: 439039
109 0
61 10
84 6
70 8
133 19
33 17
73 15
10 9
156 13
45 4
55 14
135 12
117 2
60 16
15 3
99 0
44 10
80 13
5 8
119 7
26 4
17 8
51 5
87 0
20 4
36 1
112 6
115 6
3 11
136 3
62 16
24 9
126 12
143 0
108 14
107 19
31 15
8 2
34 3
7 14
139 13
127 3
37 17
144 6
124 10
4 17
134 9
113 8
110 1
41 4
83 2
46 11
90 6
58 0
42 13
23 8
65 17
74 7
28 4
86 12
14 18
38 3
97 16
77 5
47 6
132 2
35 19
95 4
154 12
21 15
1 10
64 17
79 9
40 14
100 4
159 8
92 7
91 8
13 16
94 3
153 0
111 11
67 10
66 6
68 8
103 15
81 9
121 8
16 5
18 0
72 14
120 2
63 0
105 8
125 13
6 8
0 19
48 12
114 16
152 8
98 2
30 9
12 8
118 7
69 4
102 8
128 19
137 3
141 8
130 5
29 17
32 6
39 0
142 12
78 10
157 7
25 6
53 0
106 0
104 16
150 4
75 15
146 12
116 2
76 11
145 7
43 0
140 8
122 12
129 9
89 8
138 5
19 10
151 8
147 17
158 3
71 0
88 19
22 0
9 11
49 16
149 12
27 10
131 4
50 8
2 15
54 15
155 12
123 17
57 9
101 8
82 6
11 2
59 4
96 9
93 14
56 10
148 13
52 14
85 19
finish at 49
------------
time: 437643
109 0
61 3
84 12
70 8
133 13
33 10
73 15
10 9
156 14
45 16
55 1
135 12
117 17
60 2
15 7
99 6
44 4
80 13
5 14
119 19
26 0
17 8
51 5
87 16
20 0
36 3
112 6
115 6
3 11
136 7
62 2
24 9
126 14
143 7
108 9
107 15
31 16
8 0
34 4
7 12
139 8
127 6
37 10
144 4
124 10
4 17
134 0
113 13
110 1
41 6
83 2
46 11
90 6
58 14
42 8
23 13
65 4
74 19
28 6
86 9
14 18
38 3
97 17
77 5
47 16
132 12
35 15
95 4
154 2
21 19
1 17
64 10
79 9
40 14
100 4
159 9
92 7
91 13
13 16
94 3
153 0
111 11
67 17
66 6
68 8
103 19
81 0
121 8
16 5
18 12
72 13
120 2
63 9
105 8
125 13
6 8
0 15
48 12
114 16
152 8
98 2
30 9
12 8
118 7
69 10
102 8
128 15
137 3
141 8
130 5
29 4
32 6
39 0
142 12
78 6
157 17
25 16
53 0
106 0
104 17
150 4
75 19
146 12
116 2
76 11
145 7
43 0
140 8
122 12
129 4
89 8
138 5
19 10
151 8
147 10
158 3
71 9
88 19
22 9
9 11
49 16
149 12
27 6
131 4
50 8
2 15
54 15
155 12
123 14
57 9
101 8
82 17
11 6
59 0
96 12
93 13
56 10
148 14
52 13
85 15
finish at 71
------------
time: 436101
109 3
61 14
84 2
70 13
133 7
33 8
73 9
10 12
156 14
45 6
55 4
135 9
117 1
60 0
15 19
99 17
44 10
80 13
5 14
119 15
26 16
17 8
51 5
87 6
20 2
36 3
112 17
115 16
3 11
136 19
62 17
24 0
126 12
143 7
108 2
107 19
31 6
8 14
34 10
7 14
139 8
127 10
37 16
144 4
124 1
4 16
134 0
113 12
110 10
41 9
83 2
46 11
90 17
58 9
42 13
23 14
65 4
74 15
28 16
86 2
14 18
38 3
97 6
77 5
47 9
132 12
35 15
95 16
154 8
21 7
1 17
64 17
79 14
40 14
100 4
159 0
92 19
91 13
13 16
94 3
153 2
111 11
67 7
66 6
68 8
103 1
81 9
121 8
16 5
18 2
72 13
120 2
63 0
105 8
125 14
6 8
0 15
48 12
114 10
152 8
98 9
30 2
12 8
118 16
69 4
102 8
128 19
137 3
141 8
130 5
29 17
32 6
39 0
142 12
78 6
157 7
25 16
53 0
106 0
104 10
150 4
75 15
146 12
116 9
76 11
145 19
43 0
140 8
122 12
129 4
89 8
138 5
19 17
151 8
147 10
158 7
71 2
88 3
22 2
9 11
49 16
149 12
27 6
131 0
50 8
2 15
54 15
155 12
123 13
57 9
101 8
82 17
11 6
59 4
96 12
93 14
56 10
148 13
52 14
85 3
finish at 83
------------
time: 432037
109 0
61 14
84 13
70 8
133 3
33 19
73 18
10 12
156 14
45 9
55 11
135 9
117 2
60 4
15 15
99 17
44 16
80 13
5 8
119 7
26 6
17 14
51 5
87 10
20 0
36 1
112 17
115 6
3 15
136 17
62 10
24 0
126 12
143 17
108 8
107 3
31 4
8 2
34 16
7 14
139 8
127 19
37 16
144 6
124 16
4 9
134 0
113 13
110 1
41 6
83 2
46 11
90 6
58 9
42 13
23 8
65 10
74 7
28 12
86 2
14 18
38 15
97 4
77 5
47 6
132 9
35 19
95 16
154 0
21 3
1 17
64 17
79 14
40 8
100 4
159 12
92 7
91 14
13 16
94 3
153 2
111 15
67 10
66 6
68 8
103 19
81 2
121 8
16 5
18 0
72 14
120 12
63 9
105 8
125 13
6 8
0 11
48 2
114 16
152 8
98 0
30 9
12 8
118 7
69 17
102 8
128 11
137 3
141 8
130 5
29 4
32 6
39 12
142 12
78 10
157 7
25 6
53 12
106 2
104 17
150 16
75 19
146 12
116 0
76 15
145 7
43 9
140 8
122 12
129 4
89 8
138 5
19 10
151 8
147 4
158 3
71 2
88 19
22 2
9 15
49 16
149 12
27 17
131 4
50 8
2 11
54 11
155 12
123 14
57 9
101 8
82 11
11 6
59 0
96 9
93 13
56 10
148 14
52 13
85 7
finish at 93
------------
time: 431940
109 8
61 4
84 16
70 2
133 17
33 3
73 14
10 0
156 13
45 6
55 1
135 9
117 10
60 7
15 19
99 12
44 8
80 13
5 14
119 15
26 4
17 8
51 5
87 12
20 16
36 6
112 17
115 2
3 11
136 19
62 4
24 0
126 12
143 17
108 14
107 19
31 7
8 9
34 3
7 14
139 8
127 11
37 16
144 2
124 16
4 10
134 0
113 13
110 1
41 6
83 9
46 3
90 6
58 2
42 14
23 8
65 10
74 15
28 4
86 12
14 18
38 11
97 17
77 5
47 9
132 2
35 15
95 12
154 9
21 19
1 6
64 6
79 13
40 12
100 4
159 0
92 7
91 8
13 16
94 11
153 8
111 3
67 10
66 16
68 8
103 19
81 4
121 8
16 5
18 2
72 13
120 9
63 0
105 8
125 13
6 8
0 17
48 12
114 6
152 8
98 2
30 9
12 8
118 7
69 17
102 8
128 15
137 19
141 8
130 5
29 10
32 16
39 0
142 12
78 16
157 7
25 0
53 12
106 2
104 17
150 6
75 11
146 12
116 9
76 3
145 15
43 2
140 8
122 12
129 4
89 8
138 5
19 17
151 8
147 16
158 7
71 0
88 3
22 0
9 19
49 4
149 12
27 10
131 2
50 8
2 11
54 11
155 12
123 14
57 9
101 8
82 15
11 6
59 4
96 12
93 13
56 17
148 14
52 13
85 11
finish at 751
------------
time: 427844
109 17
61 4
84 12
70 13
133 2
33 0
73 8
10 9
156 14
45 6
55 7
135 12
117 10
60 19
15 3
99 16
44 17
80 14
5 8
119 1
26 4
17 13
51 5
87 16
20 2
36 6
112 4
115 9
3 15
136 11
62 16
24 8
126 9
143 17
108 0
107 3
31 11
8 2
34 19
7 12
139 8
127 19
37 4
144 4
124 10
4 6
134 13
113 14
110 1
41 4
83 0
46 15
90 2
58 8
42 14
23 8
65 4
74 7
28 6
86 12
14 18
38 19
97 16
77 5
47 0
132 2
35 3
95 9
154 12
21 11
1 17
64 17
79 0
40 13
100 4
159 9
92 7
91 8
13 16
94 19
153 0
111 15
67 10
66 6
68 8
103 11
81 0
121 8
16 5
18 2
72 14
120 12
63 9
105 8
125 13
6 8
0 3
48 2
114 16
152 8
98 9
30 0
12 8
118 7
69 4
102 8
128 3
137 19
141 8
130 5
29 17
32 6
39 12
142 12
78 10
157 7
25 6
53 12
106 2
104 16
150 4
75 11
146 12
116 9
76 15
145 7
43 0
140 8
122 12
129 4
89 8
138 5
19 17
151 8
147 10
158 19
71 2
88 3
22 2
9 15
49 16
149 12
27 17
131 4
50 8
2 11
54 11
155 12
123 10
57 9
101 8
82 3
11 6
59 0
96 12
93 14
56 17
148 13
52 14
85 11
finish at 6106
------------
time: 426067
109 14
61 6
84 12
70 0
133 13
33 8
73 18
10 2
156 14
45 4
55 17
135 9
117 1
60 15
15 11
99 16
44 10
80 13
5 14
119 3
26 6
17 8
51 5
87 4
20 16
36 7
112 12
115 12
3 19
136 11
62 0
24 6
126 14
143 2
108 12
107 11
31 15
8 9
34 4
7 12
139 8
127 10
37 16
144 4
124 16
4 17
134 9
113 13
110 1
41 6
83 0
46 19
90 10
58 14
42 13
23 8
65 6
74 3
28 4
86 2
14 18
38 7
97 17
77 5
47 6
132 0
35 3
95 4
154 12
21 11
1 10
64 10
79 2
40 14
100 4
159 9
92 15
91 8
13 16
94 7
153 2
111 17
67 6
66 16
68 8
103 19
81 2
121 8
16 5
18 0
72 13
120 12
63 9
105 8
125 14
6 8
0 11
48 0
114 10
152 8
98 12
30 2
12 8
118 4
69 17
102 8
128 3
137 15
141 8
130 5
29 6
32 16
39 9
142 9
78 16
157 7
25 4
53 9
106 0
104 10
150 16
75 11
146 9
116 12
76 19
145 7
43 2
140 8
122 12
129 0
89 8
138 5
19 17
151 8
147 17
158 3
71 2
88 19
22 2
9 15
49 4
149 12
27 7
131 0
50 8
2 11
54 11
155 12
123 10
57 9
101 8
82 11
11 6
59 0
96 9
93 13
56 17
148 14
52 13
85 19
finish at 12733
