------------
time: 18112
18 4
12 14
14 16
10 13
11 9
0 8
7 14
9 10
17 13
19 8
3 2
1 0
16 12
4 9
6 8
8 6
13 17
15 3
5 12
2 1
finish at 0
------------
time: 15943
18 8
12 14
14 9
10 10
11 3
0 12
7 13
9 16
17 13
19 8
3 2
1 4
16 0
4 2
6 8
8 6
13 17
15 15
5 12
2 1
finish at 1
------------
time: 15722
18 13
12 14
14 16
10 4
11 0
0 10
7 8
9 17
17 8
19 8
3 6
1 9
16 2
4 12
6 8
8 6
13 4
15 11
5 12
2 3
finish at 2
------------
time: 14851
18 0
12 12
14 17
10 16
11 19
0 11
7 13
9 4
17 8
19 8
3 6
1 10
16 2
4 9
6 8
8 0
13 12
15 15
5 12
2 7
finish at 4
------------
time: 14762
18 15
12 8
14 12
10 16
11 0
0 10
7 14
9 17
17 13
19 8
3 6
1 9
16 2
4 4
6 8
8 0
13 16
15 7
5 12
2 1
finish at 13
------------
time: 14732
18 16
12 14
14 2
10 9
11 4
0 6
7 8
9 1
17 13
19 8
3 0
1 17
16 12
4 4
6 8
8 10
13 16
15 3
5 8
2 19
finish at 29
------------
time: 14342
18 15
12 12
14 0
10 17
11 8
0 19
7 13
9 6
17 14
19 8
3 2
1 10
16 9
4 4
6 8
8 16
13 0
15 7
5 12
2 1
finish at 34
------------
time: 14071
18 6
12 12
14 4
10 17
11 10
0 0
7 8
9 14
17 13
19 8
3 16
1 2
16 9
4 12
6 8
8 10
13 16
15 15
5 12
2 1
finish at 73
