18 17 0 1 2 3 4 6 7 8 9 10 12 13 14 15 16 17 19 
12 4 8 12 13 14 
14 12 0 2 4 6 8 9 10 12 13 14 16 17 
10 12 0 2 4 6 8 9 10 12 13 14 16 17 
11 18 0 1 2 3 4 6 7 8 9 10 11 12 13 14 15 16 17 19 
0 18 0 1 2 3 4 6 7 8 9 10 11 12 13 14 15 16 17 19 
7 3 8 13 14 
9 14 0 1 2 4 6 7 8 9 10 12 13 14 16 17 
17 3 8 13 14 
19 1 8 
3 10 0 2 4 6 8 9 12 13 14 16 
1 10 0 2 4 6 8 9 10 12 16 17 
16 5 0 2 8 9 12 
4 7 0 2 4 8 9 12 16 
6 1 8 
8 9 0 2 4 6 8 9 10 12 16 
13 10 0 2 4 6 8 9 10 12 16 17 
15 15 0 2 3 4 6 7 8 9 10 11 12 15 16 17 19 
5 2 8 12 
2 18 0 1 2 3 4 6 7 8 9 10 11 12 13 14 15 16 17 19 
