47 13 0 0 640
9 9 10 10 350
4 14 10 271 1441
68 10 30 30 770
39 7 70 70 1000
46 1 90 401 1321
25 2 120 120 190
3 17 120 120 1230
7 0 130 130 380
65 4 190 190 330
42 15 190 190 420
26 16 190 190 830
69 13 220 901 1441
33 8 220 220 520
49 2 240 240 300
70 13 240 1441 2041
5 6 260 260 510
57 13 260 2041 3081
20 2 280 300 540
37 4 290 330 1380
64 3 310 310 1170
16 9 340 350 1480
10 12 340 340 650
48 0 370 380 690
76 11 380 380 600
8 12 410 650 1000
74 2 480 540 830
54 18 490 490 1580
63 0 520 690 1200
12 19 540 540 1630
78 8 550 550 660
21 6 560 560 1750
55 14 560 1441 1941
35 15 580 580 850
36 11 600 600 1460
51 10 610 770 1080
72 16 630 830 1990
41 2 650 830 1250
2 15 660 850 1210
66 7 690 1000 1270
29 0 690 1200 1780
52 8 720 720 960
73 10 730 1080 1430
11 3 790 1170 1970
58 17 810 1230 1700
79 8 830 960 1630
77 2 880 1250 1980
59 12 900 1000 1150
61 7 920 1270 1500
23 4 930 1380 2080
45 15 940 1210 2230
18 10 950 1430 2230
14 9 1040 1480 2410
56 12 1040 1150 2270
40 7 1050 1500 1670
62 0 1070 1780 2120
32 2 1070 1980 2180
50 0 1080 2120 3050
34 17 1110 1700 2140
71 6 1120 1750 2250
31 8 1130 1630 1710
53 7 1140 1670 2450
6 8 1140 1710 2460
38 16 1150 1990 2430
28 2 1170 2180 2570
17 4 1220 2080 2950
44 11 1210 1460 2410
43 9 1190 2410 3320
15 8 1220 2460 3380
30 5 1230 1230 1430
1 12 1280 2270 2510
60 2 1260 2570 3350
19 17 1230 2140 3240
24 19 1320 1630 2190
0 12 1320 2510 2590
75 10 1340 2230 2500
22 1 1340 1721 2761
27 12 1340 2590 3260
13 14 1350 1941 2811
67 9 1430 3320 3620
final time: 78568
