-------------------------
80986
47 13
65 4
4 14
68 10
39 7
46 1
25 2
3 17
7 0
9 9
42 15
26 16
64 3
16 9
49 2
70 13
5 6
57 13
20 2
37 4
69 12
33 8
10 12
48 0
55 14
35 15
74 2
51 10
72 16
12 19
78 8
21 6
76 11
8 12
36 11
54 18
63 0
41 2
2 15
66 16
29 0
52 8
73 10
11 3
58 17
79 8
77 2
59 8
61 7
50 0
45 15
18 10
14 9
56 12
40 7
62 0
32 2
23 4
34 17
71 6
31 8
53 7
6 8
38 16
28 2
43 9
44 11
17 4
15 8
30 5
19 17
60 2
1 12
24 19
0 12
75 3
22 1
27 12
13 14
67 9
-------------------------
80845
47 13
9 9
4 14
68 10
39 7
46 1
25 2
3 17
7 0
65 4
42 15
26 16
64 3
33 8
49 2
48 0
5 6
57 13
20 2
37 4
69 12
16 9
78 8
70 8
76 11
8 12
74 2
54 18
63 0
12 19
10 12
21 6
55 14
35 15
36 11
51 10
72 16
41 2
2 15
66 7
29 0
52 8
45 15
11 3
58 17
79 8
77 2
59 12
61 7
23 4
73 10
71 6
14 9
56 9
40 7
62 0
32 2
50 0
34 17
18 10
31 8
53 7
6 8
38 16
28 2
43 9
44 11
17 4
15 8
30 5
19 17
60 2
1 12
24 19
0 12
75 3
22 1
27 12
13 14
67 9
-------------------------
80655
47 13
9 9
4 14
68 10
39 7
46 1
25 2
3 17
7 0
65 4
42 15
26 16
69 12
33 8
49 2
70 8
5 6
76 11
20 2
37 4
64 3
16 9
10 12
48 0
57 13
8 13
74 2
54 18
51 10
12 19
78 8
21 6
55 14
35 15
36 11
63 0
72 16
41 2
2 15
66 7
29 16
52 8
73 17
11 3
58 17
79 8
77 0
59 12
61 7
23 4
50 0
18 10
71 6
56 0
40 7
62 0
32 2
45 15
43 9
14 9
31 8
53 7
6 8
38 16
28 2
34 17
24 19
17 4
15 8
30 5
19 17
60 2
1 12
44 11
0 12
75 3
22 1
27 12
13 14
67 9
-------------------------
80175
47 13
9 9
4 14
68 10
39 7
46 1
25 4
3 17
7 0
65 4
42 15
26 16
69 12
64 3
49 2
10 9
5 6
57 13
20 2
37 4
33 8
16 9
70 8
48 0
76 11
8 12
74 2
54 18
63 0
12 19
78 8
21 6
55 14
35 15
36 11
51 10
72 16
41 2
2 15
66 7
59 12
52 8
73 10
11 3
58 17
79 8
77 2
29 0
61 7
23 4
45 15
18 10
14 9
56 12
40 7
62 0
32 2
50 0
34 17
71 6
31 8
53 7
6 8
38 16
28 2
43 9
44 11
0 12
15 8
30 5
19 17
60 2
1 12
24 19
17 4
75 3
22 1
27 12
13 14
67 9
-------------------------
79805
47 13
9 9
4 14
68 10
39 7
46 1
25 2
3 17
7 0
65 4
42 15
26 16
69 9
33 8
49 2
70 8
48 0
57 13
20 2
37 4
64 3
16 13
10 12
5 6
76 11
8 12
74 2
54 18
51 10
12 19
78 8
21 6
55 14
35 15
36 11
73 10
72 16
41 2
2 15
66 7
29 0
52 8
63 0
11 3
58 17
79 8
77 2
59 12
61 7
23 4
45 15
18 10
14 9
56 12
40 7
62 0
32 2
50 0
34 10
71 6
31 8
53 7
6 8
38 16
28 2
43 9
44 11
17 4
15 8
30 5
19 17
60 2
1 12
24 19
0 12
75 3
22 1
27 12
13 4
67 9
-------------------------
79586
47 13
9 9
4 14
68 10
39 7
46 1
25 2
3 17
7 0
65 4
42 15
26 16
37 4
33 8
49 2
70 8
5 6
57 13
20 2
69 12
64 3
63 9
10 12
48 0
76 11
8 12
74 2
54 18
16 13
12 19
78 8
21 6
66 7
35 15
36 11
51 10
72 16
58 17
2 15
55 14
29 0
52 8
73 10
11 3
41 2
79 8
77 2
59 12
61 7
23 4
45 15
34 17
14 9
56 12
40 7
62 0
32 2
50 0
43 9
71 6
31 8
53 7
6 8
38 16
28 2
18 10
24 19
0 12
15 8
30 5
19 17
60 2
1 12
44 11
17 4
75 3
22 1
27 12
13 14
67 9
-------------------------
79566
47 13
9 9
4 14
68 10
39 7
46 1
69 9
3 17
7 0
65 4
5 6
26 16
25 2
33 8
49 2
70 13
42 15
57 13
20 2
37 4
64 3
16 9
10 12
48 0
76 11
8 12
74 2
54 18
63 0
12 19
78 8
21 6
2 15
35 15
36 11
51 10
72 16
41 2
55 14
66 7
29 0
52 8
73 10
11 3
58 17
79 8
77 2
59 12
61 7
23 4
45 15
18 10
34 17
56 12
40 7
62 0
32 2
50 0
14 9
71 6
31 8
53 7
6 8
38 16
28 2
43 9
44 11
17 4
15 8
30 5
19 17
60 2
1 12
24 19
0 12
75 3
22 1
27 12
13 14
67 9
-------------------------
79166
47 13
9 9
4 14
68 10
39 7
46 1
25 2
3 17
7 0
65 4
42 15
26 16
69 12
33 8
49 2
70 13
5 6
57 13
20 2
37 4
64 3
16 9
10 8
54 18
76 11
8 12
74 2
48 0
63 0
12 19
78 8
21 6
55 14
35 15
2 15
51 10
72 16
41 2
36 11
66 7
29 0
52 8
73 10
11 3
58 17
79 8
77 2
59 12
61 7
23 4
40 7
18 10
14 9
56 12
45 15
62 0
32 2
50 0
34 17
71 6
31 8
53 7
6 8
38 16
28 2
43 9
19 17
17 4
15 8
30 5
44 11
60 2
1 12
24 19
0 12
75 3
22 1
27 12
13 14
67 9
-------------------------
78976
47 13
9 9
4 14
68 10
39 7
46 1
7 0
3 17
25 2
26 16
42 15
65 4
69 12
33 8
49 2
70 13
5 6
57 13
20 2
37 4
64 3
16 9
10 12
48 0
76 11
8 12
74 2
54 18
63 0
12 19
78 8
35 15
55 14
21 6
36 11
51 10
72 16
41 2
2 15
66 7
29 0
52 8
73 10
79 8
58 17
11 3
77 2
59 12
61 7
23 4
45 15
56 0
14 9
18 10
40 7
62 0
32 2
50 0
34 17
71 6
31 8
53 7
6 8
38 16
28 2
17 4
44 11
43 9
15 8
30 5
1 12
60 2
19 17
24 19
0 12
75 3
22 1
27 12
13 14
67 9
-------------------------
78568
47 13
9 9
4 14
68 10
39 7
46 1
25 2
3 17
7 0
65 4
42 15
26 16
69 13
33 8
49 2
70 13
5 6
57 13
20 2
37 4
64 3
16 9
10 12
48 0
76 11
8 12
74 2
54 18
63 0
12 19
78 8
21 6
55 14
35 15
36 11
51 10
72 16
41 2
2 15
66 7
29 0
52 8
73 10
11 3
58 17
79 8
77 2
59 12
61 7
23 4
45 15
18 10
14 9
56 12
40 7
62 0
32 2
50 0
34 17
71 6
31 8
53 7
6 8
38 16
28 2
17 4
44 11
43 9
15 8
30 5
1 12
60 2
19 17
24 19
0 12
75 10
22 1
27 12
13 14
67 9
-------------------------
