------------
time: 91775
47 14
9 12
4 8
68 9
39 10
46 13
25 6
3 17
7 0
65 4
42 15
26 2
69 12
33 14
49 4
70 14
5 16
57 13
20 0
37 6
64 3
16 0
10 9
48 2
76 5
8 12
74 9
54 1
63 2
12 7
78 8
21 16
55 8
35 19
36 11
51 4
72 4
41 19
2 15
66 10
29 12
52 8
73 17
11 15
58 10
79 8
77 9
59 2
61 3
23 6
45 19
18 17
14 0
56 2
40 3
62 12
32 9
50 12
34 10
71 16
31 9
53 7
6 8
38 6
28 9
43 9
44 11
17 4
15 8
30 5
19 10
60 0
1 12
24 3
0 12
75 15
22 14
27 2
13 13
67 12
finish at 0
------------
time: 90464
47 8
9 16
4 12
68 1
39 19
46 0
25 9
3 10
7 2
65 17
42 13
26 14
69 9
33 13
49 4
70 8
5 6
57 13
20 2
37 4
64 11
16 2
10 9
48 14
76 15
8 9
74 0
54 3
63 14
12 7
78 8
21 16
55 8
35 17
36 15
51 6
72 17
41 6
2 19
66 12
29 0
52 8
73 10
11 11
58 6
79 8
77 9
59 12
61 4
23 10
45 19
18 4
14 12
56 2
40 15
62 0
32 9
50 0
34 16
71 6
31 9
53 7
6 8
38 16
28 9
43 12
44 3
17 17
15 8
30 5
19 10
60 9
1 12
24 15
0 12
75 11
22 1
27 2
13 14
67 2
finish at 4
------------
time: 86634
47 13
9 14
4 12
68 0
39 11
46 1
25 3
3 6
7 16
65 9
42 7
26 17
69 8
33 14
49 2
70 13
5 4
57 14
20 2
37 10
64 15
16 9
10 8
48 2
76 5
8 8
74 0
54 18
63 2
12 19
78 13
21 16
55 13
35 3
36 7
51 4
72 17
41 3
2 4
66 0
29 12
52 8
73 6
11 11
58 4
79 8
77 0
59 2
61 3
23 10
45 15
18 9
14 2
56 12
40 7
62 0
32 9
50 8
34 6
71 16
31 0
53 7
6 8
38 4
28 2
43 9
44 3
17 17
15 8
30 5
19 6
60 0
1 12
24 19
0 12
75 11
22 1
27 2
13 14
67 12
finish at 7
------------
time: 85463
47 8
9 12
4 13
68 17
39 19
46 4
25 3
3 1
7 15
65 10
42 14
26 16
69 9
33 14
49 2
70 8
5 0
57 14
20 2
37 6
64 7
16 12
10 9
48 0
76 5
8 9
74 2
54 18
63 0
12 15
78 13
21 10
55 8
35 3
36 11
51 17
72 16
41 2
2 3
66 19
29 4
52 8
73 17
11 7
58 2
79 8
77 0
59 9
61 3
23 6
45 19
18 17
14 12
56 9
40 3
62 2
32 0
50 2
34 4
71 16
31 0
53 10
6 8
38 4
28 0
43 12
44 11
17 6
15 8
30 5
19 17
60 9
1 12
24 3
0 12
75 15
22 1
27 2
13 13
67 9
finish at 49
------------
time: 85154
47 13
9 14
4 8
68 7
39 11
46 10
25 9
3 6
7 17
65 12
42 2
26 0
69 9
33 14
49 4
70 13
5 16
57 14
20 12
37 4
64 15
16 2
10 12
48 9
76 3
8 12
74 0
54 19
63 9
12 1
78 8
21 16
55 13
35 17
36 3
51 17
72 10
41 7
2 11
66 0
29 6
52 8
73 17
11 15
58 12
79 8
77 0
59 2
61 7
23 4
45 11
18 17
14 9
56 2
40 7
62 12
32 12
50 0
34 16
71 6
31 8
53 7
6 8
38 4
28 12
43 9
44 3
17 10
15 8
30 5
19 16
60 12
1 12
24 19
0 12
75 15
22 1
27 2
13 14
67 9
finish at 142
------------
time: 84944
47 13
9 14
4 8
68 12
39 10
46 0
25 4
3 1
7 7
65 17
42 2
26 6
69 9
33 14
49 4
70 13
5 16
57 14
20 2
37 4
64 19
16 2
10 9
48 12
76 5
8 9
74 0
54 18
63 12
12 15
78 8
21 16
55 13
35 3
36 11
51 17
72 6
41 7
2 3
66 17
29 8
52 8
73 10
11 7
58 17
79 8
77 0
59 9
61 19
23 10
45 3
18 4
14 9
56 12
40 19
62 2
32 0
50 2
34 17
71 16
31 0
53 7
6 8
38 6
28 0
43 9
44 11
17 10
15 8
30 5
19 17
60 0
1 12
24 19
0 12
75 15
22 1
27 12
13 14
67 2
finish at 155
------------
time: 83164
47 13
9 14
4 8
68 10
39 3
46 2
25 12
3 6
7 9
65 0
42 7
26 17
69 12
33 14
49 4
70 13
5 16
57 14
20 0
37 4
64 11
16 9
10 12
48 0
76 19
8 12
74 0
54 18
63 2
12 1
78 8
21 16
55 13
35 15
36 19
51 10
72 17
41 7
2 15
66 3
29 0
52 8
73 10
11 7
58 6
79 8
77 12
59 9
61 3
23 4
45 11
18 10
14 2
56 9
40 15
62 0
32 0
50 12
34 6
71 16
31 8
53 7
6 8
38 4
28 0
43 9
44 15
17 17
15 8
30 5
19 6
60 2
1 12
24 19
0 12
75 3
22 1
27 2
13 14
67 12
finish at 175
------------
time: 83084
47 14
9 0
4 12
68 7
39 15
46 17
25 9
3 1
7 11
65 19
42 6
26 10
69 8
33 13
49 4
70 13
5 2
57 14
20 9
37 16
64 3
16 0
10 9
48 2
76 5
8 8
74 2
54 18
63 9
12 19
78 8
21 4
55 13
35 6
36 11
51 10
72 6
41 7
2 15
66 17
29 2
52 8
73 10
11 3
58 12
79 8
77 9
59 0
61 7
23 17
45 16
18 10
14 0
56 12
40 15
62 2
32 2
50 9
34 4
71 6
31 8
53 7
6 8
38 4
28 2
43 12
44 11
17 17
15 8
30 5
19 10
60 0
1 12
24 15
0 8
75 19
22 1
27 2
13 13
67 9
finish at 699
