47 3 8 13 14 
9 10 0 2 4 6 8 9 12 13 14 16 
4 4 8 12 13 14 
68 14 0 1 2 4 6 7 8 9 10 12 13 14 16 17 
39 18 0 1 2 3 4 6 7 8 9 10 11 12 13 14 15 16 17 19 
46 13 0 1 2 4 6 8 9 10 12 13 14 16 17 
25 16 0 1 2 3 4 6 7 8 9 10 12 13 14 16 17 19 
3 13 0 1 2 4 6 8 9 10 12 13 14 16 17 
7 18 0 1 2 3 4 6 7 8 9 10 11 12 13 14 15 16 17 19 
65 18 0 1 2 3 4 6 7 8 9 10 11 12 13 14 15 16 17 19 
42 18 0 1 2 3 4 6 7 8 9 10 11 12 13 14 15 16 17 19 
26 12 0 2 4 6 8 9 10 12 13 14 16 17 
69 5 8 9 12 13 14 
33 3 8 13 14 
49 8 0 2 4 8 9 12 13 14 
70 3 8 13 14 
5 10 0 2 4 6 8 9 12 13 14 16 
57 3 8 13 14 
20 7 0 2 8 9 12 13 14 
37 11 0 2 4 6 8 9 10 12 13 14 16 
64 18 0 1 2 3 4 6 7 8 9 10 11 12 13 14 15 16 17 19 
16 7 0 2 8 9 12 13 14 
10 5 8 9 12 13 14 
48 7 0 2 8 9 12 13 14 
76 20 0 1 2 3 4 5 6 7 8 9 10 11 12 13 14 15 16 17 18 19 
8 5 8 9 12 13 14 
74 7 0 2 8 9 12 13 14 
54 19 0 1 2 3 4 6 7 8 9 10 11 12 13 14 15 16 17 18 19 
63 7 0 2 8 9 12 13 14 
12 17 0 1 2 3 4 6 7 8 9 10 12 13 14 15 16 17 19 
78 3 8 13 14 
21 11 0 2 4 6 8 9 10 12 13 14 16 
55 3 8 13 14 
35 17 0 1 2 3 4 6 7 8 9 10 12 13 14 15 16 17 19 
36 15 0 2 3 4 6 7 8 9 10 11 12 15 16 17 19 
51 10 0 2 4 6 8 9 10 12 16 17 
72 12 0 2 4 6 8 9 10 12 13 14 16 17 
41 13 0 2 3 4 6 7 8 9 10 12 16 17 19 
2 15 0 2 3 4 6 7 8 9 10 11 12 15 16 17 19 
66 14 0 2 3 4 6 7 8 9 10 12 15 16 17 19 
29 10 0 2 4 6 8 9 12 13 14 16 
52 1 8 
73 12 0 2 4 6 8 9 10 12 13 14 16 17 
11 15 0 2 3 4 6 7 8 9 10 11 12 15 16 17 19 
58 10 0 2 4 6 8 9 10 12 16 17 
79 1 8 
77 5 0 2 8 9 12 
59 5 0 2 8 9 12 
61 13 0 2 3 4 6 7 8 9 10 12 16 17 19 
23 10 0 2 4 6 8 9 10 12 16 17 
45 15 0 2 3 4 6 7 8 9 10 11 12 15 16 17 19 
18 10 0 2 4 6 8 9 10 12 16 17 
14 5 0 2 8 9 12 
56 5 0 2 8 9 12 
40 14 0 2 3 4 6 7 8 9 10 12 15 16 17 19 
62 5 0 2 8 9 12 
32 5 0 2 8 9 12 
50 5 0 2 8 9 12 
34 10 0 2 4 6 8 9 10 12 16 17 
71 8 0 2 4 6 8 9 12 16 
31 5 0 2 8 9 12 
53 11 0 2 4 6 7 8 9 10 12 16 17 
6 1 8 
38 9 0 2 4 6 8 9 10 12 16 
28 5 0 2 8 9 12 
43 3 8 9 12 
44 15 0 2 3 4 6 7 8 9 10 11 12 15 16 17 19 
17 10 0 2 4 6 8 9 10 12 16 17 
15 1 8 
30 16 0 2 3 4 5 6 7 8 9 10 11 12 15 16 17 19 
19 10 0 2 4 6 8 9 10 12 16 17 
60 5 0 2 8 9 12 
1 2 8 12 
24 15 0 2 3 4 6 7 8 9 10 11 12 15 16 17 19 
0 2 8 12 
75 15 0 2 3 4 6 7 8 9 10 11 12 15 16 17 19 
22 16 0 1 2 3 4 6 7 8 9 10 12 13 14 16 17 19 
27 4 2 8 9 12 
13 10 0 2 4 6 8 9 12 13 14 16 
67 4 2 8 9 12 
