-------------------------
39483
37 8
23 19
4 2
30 4
31 14
36 13
10 7
6 16
39 1
15 9
33 17
2 0
38 12
22 0
27 6
7 11
17 10
34 14
13 17
21 8
14 4
1 5
19 2
3 8
5 15
12 3
16 8
28 12
0 13
29 0
35 16
8 12
20 9
26 6
9 19
24 0
25 12
11 8
18 12
32 17
-------------------------
38856
37 8
23 19
4 2
2 0
31 14
36 14
10 7
6 16
39 1
15 9
13 17
30 4
38 13
22 0
27 6
7 2
17 10
34 14
16 8
21 13
0 13
1 5
19 2
3 8
5 15
12 3
33 17
28 12
14 4
29 0
35 16
8 12
20 0
26 6
9 19
24 0
25 12
11 8
18 12
32 17
-------------------------
38244
39 1
23 19
4 2
2 0
31 14
36 13
10 7
6 16
37 8
15 9
13 17
30 4
38 12
22 0
27 6
7 11
5 15
34 14
33 17
21 14
0 13
1 5
19 2
3 8
17 10
12 3
16 8
28 12
14 4
29 0
35 16
32 17
20 9
26 6
9 19
24 0
25 12
11 8
18 12
8 12
-------------------------
38164
37 8
23 19
4 2
2 0
31 14
36 13
10 7
6 16
39 1
15 9
13 17
30 4
0 13
22 0
19 2
7 11
17 10
12 3
33 17
21 14
38 12
1 5
27 6
3 8
5 15
34 14
9 19
28 12
25 12
29 0
35 16
32 17
20 9
26 6
16 8
24 0
14 4
11 8
18 12
8 12
-------------------------
37384
37 8
23 19
4 2
2 0
31 14
36 13
10 7
6 16
39 1
15 9
13 17
30 4
38 12
22 0
27 6
7 11
17 10
34 14
33 17
21 14
0 13
29 0
35 16
32 17
5 15
12 3
16 8
28 12
25 12
1 5
19 2
8 12
20 9
26 6
9 17
24 0
14 4
11 8
18 12
3 8
-------------------------
36524
37 8
23 19
4 2
2 0
31 14
36 13
27 6
6 16
39 1
15 9
13 17
30 4
38 12
22 0
10 7
7 11
17 10
12 3
33 17
21 14
0 13
1 5
19 2
32 17
20 9
34 14
16 8
28 12
14 4
29 0
35 16
8 12
5 15
26 6
9 19
24 0
25 12
11 8
18 12
3 8
-------------------------
