37 8 40 40 820
23 19 70 70 840
4 2 90 90 870
2 0 130 130 320
31 14 170 170 260
36 13 220 491 1441
27 6 450 450 1220
6 16 240 240 1210
39 1 280 291 1441
15 9 300 300 1290
13 17 340 340 400
30 4 370 370 910
38 12 410 410 1200
22 0 430 430 870
10 7 230 230 1070
7 11 480 480 730
17 10 510 510 1530
12 3 980 980 1670
33 17 570 570 810
21 14 610 610 1510
0 13 690 1821 2881
1 5 800 800 1140
19 2 870 870 1900
32 17 1170 1170 1790
20 9 1190 1290 1700
34 14 520 1691 2881
16 8 980 980 1480
28 12 1010 1200 1860
14 4 1050 1050 1830
29 0 1060 1060 1480
35 16 1090 1210 2400
8 12 1400 1860 2440
5 15 970 970 2060
26 6 1210 1220 1510
9 19 1220 1220 2240
24 0 1350 1480 2600
25 12 1380 2440 3230
11 8 1390 1480 1970
18 12 1400 3230 4220
3 8 910 1970 3080
final time: 36524
