------------
time: 45064
37 13
23 5
4 9
2 8
31 10
36 14
10 7
6 2
39 0
15 12
13 3
30 4
38 8
22 13
27 6
7 16
17 10
34 9
33 17
21 14
0 8
1 15
19 16
3 8
5 19
12 11
16 8
28 12
14 4
29 2
35 0
32 17
20 2
26 6
9 15
24 4
25 12
11 8
18 12
8 12
finish at 0
------------
time: 44662
37 12
23 19
4 8
2 0
31 2
36 13
10 10
6 4
39 6
15 9
13 17
30 14
38 12
22 2
27 7
7 3
17 16
34 0
33 1
21 8
0 14
1 5
19 2
3 8
5 11
12 15
16 8
28 12
14 4
29 9
35 16
32 10
20 9
26 6
9 7
24 0
25 12
11 8
18 12
8 8
finish at 1
------------
time: 43934
37 8
23 15
4 2
2 9
31 10
36 14
10 3
6 13
39 16
15 0
13 17
30 12
38 8
22 9
27 6
7 19
17 4
34 2
33 1
21 14
0 13
1 5
19 9
3 8
5 7
12 11
16 8
28 12
14 6
29 0
35 16
32 10
20 12
26 4
9 15
24 0
25 12
11 8
18 12
8 8
finish at 3
------------
time: 43254
37 13
23 4
4 12
2 0
31 8
36 14
10 7
6 16
39 11
15 2
13 9
30 8
38 13
22 9
27 10
7 15
17 6
34 0
33 17
21 8
0 14
1 5
19 4
3 8
5 19
12 3
16 8
28 12
14 9
29 16
35 2
32 17
20 12
26 6
9 15
24 0
25 12
11 8
18 12
8 12
finish at 6
------------
time: 42514
37 8
23 15
4 9
2 13
31 6
36 14
10 16
6 0
39 3
15 12
13 1
30 4
38 13
22 2
27 10
7 7
17 6
34 8
33 17
21 14
0 13
1 19
19 9
3 8
5 5
12 11
16 8
28 12
14 2
29 4
35 16
32 17
20 0
26 4
9 10
24 0
25 12
11 8
18 12
8 12
finish at 9
------------
time: 41183
37 8
23 3
4 2
2 0
31 9
36 13
10 15
6 6
39 7
15 12
13 1
30 4
38 14
22 9
27 16
7 19
17 10
34 0
33 17
21 8
0 13
1 11
19 2
3 8
5 5
12 17
16 8
28 12
14 4
29 9
35 16
32 6
20 9
26 0
9 11
24 4
25 12
11 8
18 12
8 12
finish at 24
------------
time: 40874
37 14
23 11
4 9
2 2
31 13
36 8
10 7
6 16
39 15
15 0
13 1
30 4
38 12
22 13
27 17
7 19
17 6
34 2
33 10
21 14
0 13
1 5
19 9
3 8
5 3
12 19
16 8
28 12
14 4
29 16
35 0
32 10
20 2
26 6
9 7
24 4
25 12
11 8
18 12
8 8
finish at 26
------------
time: 40724
37 8
23 7
4 2
2 13
31 14
36 14
10 16
6 6
39 9
15 12
13 1
30 0
38 13
22 8
27 4
7 11
17 10
34 2
33 17
21 13
0 14
1 5
19 0
3 8
5 3
12 15
16 8
28 12
14 16
29 6
35 4
32 17
20 9
26 6
9 19
24 9
25 12
11 8
18 12
8 8
finish at 194
------------
time: 40424
37 13
23 17
4 12
2 8
31 18
36 14
10 7
6 6
39 19
15 2
13 0
30 4
38 8
22 9
27 1
7 3
17 10
34 0
33 16
21 13
0 14
1 5
19 16
3 8
5 11
12 15
16 8
28 12
14 9
29 4
35 2
32 17
20 12
26 6
9 7
24 4
25 12
11 8
18 12
8 8
finish at 382
------------
time: 39965
37 8
23 9
4 2
2 12
31 7
36 14
10 13
6 17
39 1
15 0
13 19
30 4
38 12
22 8
27 16
7 3
17 10
34 9
33 6
21 13
0 14
1 15
19 6
3 8
5 11
12 19
16 8
28 12
14 2
29 4
35 16
32 17
20 0
26 4
9 3
24 0
25 12
11 8
18 12
8 8
finish at 466
------------
time: 39633
37 8
23 19
4 2
2 0
31 14
36 13
10 7
6 16
39 1
15 9
13 17
30 4
38 12
22 0
27 6
7 11
17 10
34 14
33 17
21 8
0 13
1 5
19 2
3 8
5 15
12 3
16 8
28 12
14 4
29 0
35 16
32 17
20 9
26 6
9 19
24 0
25 12
11 8
18 12
8 12
finish at 24299
