37 4 8 12 13 14 
23 20 0 1 2 3 4 5 6 7 8 9 10 11 12 13 14 15 16 17 18 19 
4 4 2 8 9 12 
2 7 0 2 8 9 12 13 14 
31 20 0 1 2 3 4 5 6 7 8 9 10 11 12 13 14 15 16 17 18 19 
36 3 8 13 14 
10 18 0 1 2 3 4 6 7 8 9 10 11 12 13 14 15 16 17 19 
6 12 0 2 4 6 8 9 10 12 13 14 16 17 
39 18 0 1 2 3 4 6 7 8 9 10 11 12 13 14 15 16 17 19 
15 7 0 2 8 9 12 13 14 
13 16 0 1 2 3 4 6 7 8 9 10 12 13 14 16 17 19 
30 8 0 2 4 8 9 12 13 14 
38 4 8 12 13 14 
22 7 0 2 8 9 12 13 14 
27 14 0 1 2 4 6 7 8 9 10 12 13 14 16 17 
7 18 0 1 2 3 4 6 7 8 9 10 11 12 13 14 15 16 17 19 
17 11 0 2 4 6 8 9 10 12 13 14 16 
34 7 0 2 8 9 12 13 14 
33 13 0 1 2 4 6 8 9 10 12 13 14 16 17 
21 3 8 13 14 
0 3 8 13 14 
1 16 0 2 3 4 5 6 7 8 9 10 11 12 15 16 17 19 
19 8 0 2 4 6 8 9 12 16 
3 1 8 
5 16 0 2 3 4 5 6 7 8 9 10 11 12 15 16 17 19 
12 15 0 2 3 4 6 7 8 9 10 11 12 15 16 17 19 
16 1 8 
28 2 8 12 
14 8 0 2 4 6 8 9 12 16 
29 8 0 2 4 6 8 9 12 16 
35 7 0 2 4 8 9 12 16 
32 10 0 2 4 6 8 9 10 12 16 17 
20 5 0 2 8 9 12 
26 8 0 2 4 6 8 9 12 16 
9 15 0 2 3 4 6 7 8 9 10 11 12 15 16 17 19 
24 6 0 2 4 8 9 12 
25 2 8 12 
11 1 8 
18 2 8 12 
8 2 8 12 
